28 28 28 28 28 28 51 51 51 51 51 51 51 66 66 66 66 66 10 10 10 10 10 10 10 10 1 1 1 8 8 8 59 59 59 59 59 59 59 59 31 31 31 31 31 31 31 58 58 58 58 58 58 58 58 58 58 92 92 92 92 92 92 92 92 92 74 74 74 53 53 53 53 53 53 53 9 9 9 9 9 9 9 9 9 70 70 70 53 53 53 53 53 53 53
40 40 40 40 29 29 29 29 29 29 29 29 57 57 92 92 92 92 92 86 86 86 86 86 86 86 86 86 86
4
30 30 30 30 30 30 30 30 30 22 73 73 73 73 73 73 73 85 85 85 85 85 85 88 88 88 88 88 88 88 88 88 88 13 13 13 13 0 0 0 0 0 0 0 0 0 44 44 44
3
12 12 12 12 12 12 17 17 17 17 17 17 17 17 17 17 92
5 5 5 5 5
1
49 49 49 49 49 1 1 1 1 1 1 1 49 49 49 49 49 49 49 49 49 49 47 47 47 47 16 16 16 16 16 64 64 64 64 64 64 39 88 88 88 88 75 75 75 75 54 54 54 54 54 54 54 64 64 64 97 97 97 97 97 97 97 97 15 15 15 15 15 15 15 15 15 15 48 48 5 5 91 91 91 91 91 91 91 91 91 91 38 84 0 0 0 0 0 0 0 0 0 64 64 64
8
96 96 96 96 96 96 96 96 96 83
4 4 4 4 4 4 4 4 4 4 69 69 69 69 69 69 69 69 69 69
27 27 27 27 27 56 56 56 56 56 56 98 98 98 98 98 98 45 45 6 6 6 6 6 6 6 64 64 64 64 74 74 38 38 38 38 38 38 21
51 51 51 51 51 51 51 51 90 90 90 90
7 7 7 7 7 7 7
2 2
9 9 9 9 9 9 9 9 9
2 4 4 4 6 6 6 6 6 8 8 8 8 8 8 8 10 10 10 10 10 10 10 10 10
37 37 37 37 37 37 37 37 37 37 21 69 69 75 75 75 75 75 75 75 75 10 10 10 10 10 10 34 81 81 81 81 38 38 38 38 38 63 63 63 63 63 63 63 63 63 63 86 86 86 86 86 77 77 77 19 19 19 19 19 19 19 19 80 80 80 80 80 80 91 91 91 91 91 62 62 98 98 98 98 98 98 98 95 54 54 54 54 54 54 54 54 54 54 51 51 51 51 51 51 51 51 51
0 0 0 12 12 12 12 12 12 12 12 12 12 87 11 11 11 11 11 11 11 11 11 11 11 90 90 90 90 73 73 73 11 11 11 19 19 19 19 15 15 15 15 15 15 15 83 83 3 76 76 76 76 34 34 34 34 34 34 34 34 12 12 12 12 12 12 12 12 33 33 87 87 87 87 87 59 59 59 59 59 59 59 59 96 96 96 15 15 15 15 15 15 15
88 74 74 74 74 74 74 90 90 90 90 90 90 90 33 33 33 33 33 33 33 33 33 33 24 24 24 24 24 24 15 15 31 83 78 78 78 78 78 78 78 78 72 72 72 72 72 72 72 37 37 37 37 37 37 37 37 74 74 74 74 74 74 74 20 20 20 20 20 20 20 20 20 20 38 38 38 38 38 38 38 38 38 38 38 38 38 37 37
64 64 67 67 67 67 67 67 67 95 95 95 95 95 95 95 95 95 95 64 64 64 7 7 7 2 2 2 2 2 2 2 43 62 22 22 22 22 22 22 22 22 46 46 46 46 46 4 4 4 4 4 80 80 80 25 25 25 25 25 25 25 75 99 99 99 99 41 41 41 41 41 41 41 41 41 41
97 97 88 88 88 88 88 88 88 88 88 88 19 19 19 19 19 19 43 43 43 7 7 7 7 52 52 52 52 80 80 46 46 46 46 46 46 46 46 63 63 63 63 25 25 25 25 25 25 25 58 58 58 58 58 58 29 29 29 29 29 25
20 20 76 76 76 76 76 76 76 76 17 17 3 3 3 3 3 3 3 3 3 3 23 19 19 19 19 19 19 19 19 19
57 57 57 57 57 57 19 19 19 19 19 19 19 19 19 16 16 16 16 16 3 3 3 6 6 6 6 57 57 57 57 57 57
73 73 73 73 73 73 95 95 95 95 95 95 95 95 95 54 54 54 54 54 54 54 54 54 54 33 79 27 27 27 27 68 68 68 68 68 1 1 1 24 24 24 24 24 24 24 24 24
62 62 62 30 30 30 30 30 30 76 76 76 76 76 76 42 42 42 42 42 42 42 6 6 6 6 6 6 6 6 6 6 94 72 72 72 72 72 72 72 72 72 17 17 17 17 17 17 45 45 45 2 2 2 2 2 2 2 2 2 2 40 40 40 40 40 40 40 3 3 3 3 3 3 3 3 6 31 31 31 31 31 31 31 31 44 44 44 44 44 44 44 44 90 90 90 90 90 90 90 90 90 90 73 73 73 73 73 73 73 81 81 81 81 81 81 81 81 81 32 32 32 69 69
80 80 80 80 15 15 15 15 15 15 27 27 27 27 27 27 27 27 27 72 72 72 72 72 72 72 72 72 72 27 27 13 13 96 96 96 96 96 96 96 83 83 83 83 83 83 83 36 36 36 36 36 36 36 32 32 32 32 32 32 32 38 38 38 38 38 44 44 44 64 64 64 64 64
69 69 69 69 69 69 69 69 71 71 71 71 71 71 71 82 82 82 82 82 82 97 97 97 97 97 97 97 10 10 10 10 10 10 10 10 10 10 77 77 51 51 51 51 51 59 59 59 59 59 59 59 5 5 5 5 5 5 5 19 89 89 89 89 89 89 60 60 60 60 60 60 60 22 22 22 22 22 22 22 22 29 29 29 29 29 29 29 29 29 84 84 84 84 84
88 88 88 88 88 88 88 32 32 32 32 45 45 93 93 93 93 93 93 93 93 93 93 89 89 89 48 48 61 61
24 24 24 24 24 85 85 85 85 85 85 85 28 28 93 52 52 52 52 52 52 52 31 31 96 96 96 35 35 35 35 35 35 35 64 64 64 64 64 64 56 56 56 56 56 56 36 51 51 63 63 42 42 42 42 42 42 42 42 22 22 22 22 22 22 22 22 22 22 64 64 64 64 64 64 7 7 7 7 7 7 7 10
86 86 86 86 86 86 86 86 86 86 56 56 40 40 40 40 40 40 40 27 27 27 27 27 27 27 27 8 8 8 8 98 98 98 98 98 98 98 95 95 95 95 38 38 38 38 38 38 38 38 38 38 47 47 47 47 47 47 47 47 47 39 39 39 39 24 24 24 24 24 15 95 68 68 68 68 68 84 84 84 84 84 84 84 84 22 22 8 8 8 8 8 8 8
24 24 24 24 24 3 3 3 3 3 3 3 3 3 3 34 50 50 50 50 50 50 50 50 27 27 27 27 27 27 28 37 37 37 37 37 37 37 37 37 37 32 32 32 32 32 32 32 32 73 73 73 73 73 73 66 66 52 52 52 52 52 52 52 52 52 52 28 28 28 28 28 28 28 28 47 85 85 85 69 69 69 69 69 69 34
82 82 82 82 82 89 89 89 89 14 14 14 14 14 14 14 14 14 87 87 87 87 87 30 30 2 2 2 2 2 2 2 45 45 45 45 45 45 45 45 45 45 50 50 50 50
34 34 34 59 59 74 74 74 74 74 74 74 74 34 34 34
48 48 48 48 48 48 48 48 48 48 89 89 89 89 89 91 91 91 91 91 91 91 91 91 97 97 65 65 65 65 65 65 65 65 65 65 37 37 47 47 47 47 47 47 47 47 47
18 18 18 18 18 18 7 7 7 93 93 93 93 93 93 93 9 9 9 9 9 9 9 9 63 87 87 41 41 91 91 83 83 83 83 83 62 62 62 62 62 62 62 62 62 52 77 77 77 77 77 77 60 60 60 60 60 60 60 60 25 25
87 62 62 62 62 62 87 87 87 87 87 87 87 87 87 3 3 3 3 3 93 93 93 93 93 93 46 46 46 46 65 65 65 65 25 25 25 25 25 87 87 87 87 87 87 87 56 56 56 56 56 56 56 56 56
2 2 2 2 2 95 95 95 95 95 95 95 95 95 84 84 84 84 84 88 88 88 88 97 97 97 97 97 97 97 97 44 44 44 44 44 44 44 44 44 59 59 59 59 59 59 59 59 95 95 95 95 95 95 95 1 14 14 14 14 45 45 45 45 45 45 45 45 45 44 44 44 44 44 44 44 44
77 67 67 67 43 43 43 43 43 43 0 0 0 0 0 0 0 43 43 43 43 43 43
73 73 73 73 41 41 41 41 41 41 41 41 41 41
47 8 8 8 8 8 8 45 45 45 45 45 45 45 45 45 45 9 9 9 9 9 9 9 9 9 9 93 93 93 93 93 93 93 93 93 93 45 45 45 45 45 45 45 80 80 80 84 84 84 84 84 84 84 84 84 78 78 78 78 78 78 78 78 78 78 73 73 73 73 73 73 74 74 74 74 76 76 76 76 90 90 90 90 90 90 90 90 90 90 64 64 64 64 64 64 64 64 64 64 67 67 38 38 38 38 38 24 91 54 54 54 54 54 54 54 54 54 54 65 65 8 8 8 8 8 8
1 1 3 3 3 2 2 2 2 14 14 14 11 11 11 2
58 58 37 37 37 76 76 76 76 76 76 76 76 76 20 20 20 20 20 20 20 20 20 20 24 24 24 24 24 24 45 45 45 45 45 87 87 87 87 17 17 17 17 2 2 2 2 2 8 8 8 8 8 8 96 96 96 96 96 96 96 96 96 96 27 27 27 27 27 27 6 10 62 62 3 3 38 38 38 38 38 38 30 30 30 30 30 68 68 68 68 68 68 68 31 31 31 31 31 31 31 31 31 31 76 76 76 76 76 76 76 76 76
44 44 44 44 44 44 44 44 44 44 28 28 28 28 28 28 28 28 28 91 91 91 91 74 4 4 4 4 4 4 4 4 4 4 53 53 53 53 83 83 83 83 83 83 83 83 61 61 61 61 61 61 61 61 61 49 49 49 49 65 65 65 65 65 22 2 2 2 28 28 28 28 28 28 28 28 28 28
97 97 97 97 97 97 97 97 82 82 82 82 82 82 5 5 5 5 5 5 5 5 69 69 69 69 69 69 69 69 69 6 6 31 31 31 31 8 8 8 8 8 8 8 8 8 8 82 82 82 82 82 82 82 82 82 82 6 6 6 6 6 6 6 6 6 6 57 57 57 57 57 57 57 57 57 88 37 37 37 2 2 2 2 2 78 78 78 78 79 79 79 79 79 79 79 79 79 79 88 88 88 88 97 97 97 97 97 97 97 97
40 40 6 6 6 6 6 6 31 31 31 31 31 31 31 31 31 30 30 30 30 30 30 41 41 41 30 30 30 78 78 78 78 42 42 42 42 42 42 42 42 42 71 71 71 71 71 71 71 71 71 71 96 37 34 34 34 34 34 34 34 34 34 27 27 27 44 44 44 44 44 44 44
97 97 38 38 38 38 38 8 8 8 8 61 61 61 61 61 61 61 61 61 51 51 51 51 51 51 51 80 80 80 80 80 80 80 80 38 38 38 38 38 58 58 58 58 58 58 24 24 47 47 47 47 47 47 47 47 66 66 66 66 66 66 66 66 66 66 0 0 0 0 0 0 0 0 0 88 18 18 18 18 18 18 18 18 18 26 26 66 66 66 66 66 66 66 66 66 66
46 46 46 46 46 87 87 87 87 87 46 46 46 46 46
0