160 -324 980 -625 -118 -694 -753 -134 122 -751 937 -189 38 595 | -230 709 -76 724 466 -339 -819 13 -967 75 672 714 591 -771 | 150 -695 -336 221 -263 -243 1 832 -269 -657 310 187 -808 -913 | -757 289 -569 360 -612 769 5 -69 396 -526 -105 -93 719 559 | -428 -166 -611 -165 -379 767 -667 252 -477 -242 163 428 387 -995 | 936 378 620 -279 -502 116 -503 450 -679 -109 109 213 61 -449 | -887 454 -601 952 105 389 517 482 -669 392 -702 -980 587 293 | 228 -705 -409 -498 -395 370 692 13 -89 -721 221 -724 -435 255
732 -53 -838 -377 561 | 336 -967 -613 -874 630 | -815 758 -946 -440 -22 | -9 -187 -501 519 68 | -493 909 -65 -38 -692 | -407 -31 769 125 -713
839 394 -312 2 -36 399 42 | -968 -281 541 501 -377 414 -964 | 122 -650 686 -70 -115 -473 262 | -839 -549 262 -591 220 603 350 | 580 392 112 -556 479 -457 549 | 810 737 878 632 983 285 -965 | 836 -401 52 -362 -474 459 519 | -335 104 -961 -432 -462 -377 -951
-15 -672 -118 273 -314 -51 -166 -932 -551 -997 -412 387 -820 -975 216 588 570 | 345 -800 3 -834 -1000 -371 938 -521 -758 62 -547 488 537 -390 594 239 -206 | 952 269 933 -772 675 402 314 514 -605 469 -747 797 -491 -638 591 555 95 | -533 -866 381 785 -744 123 282 60 182 339 -282 -868 52 576 -772 712 -889 | 192 -233 166 457 192 997 -72 520 268 810 299 -497 -790 -790 -708 -431 -882 | -509 -480 -823 -394 600 624 -550 -937 419 -947 -822 231 475 -841 941 244 -633
-35 -203 -106 -5 -489 -939 352 -270 827 | -366 -858 -606 62 -90 935 806 884 -667
-460 -87 166 -693 -812 -425 | 649 -862 -735 271 988 -881 | 438 40 765 576 -974 -93 | 418 842 -508 -452 -882 -567 | -123 -698 515 302 -764 -545 | 509 616 947 576 -638 844 | -294 -634 701 466 -26 -382
601 -347 369 853 -300 -570 760 913 130 166 -384 533 -816 493 -981 | 353 -864 -804 -712 650 102 841 -938 -112 -387 -481 -758 -94 357 -487 | 778 811 629 -11 -514 -314 -840 -598 778 -897 814 626 996 -640 452 | -205 -976 -158 311 -133 528 365 -935 -361 -934 -590 -363 -579 -325 633 | -827 -665 656 -898 -631 82 775 -544 478 181 563 649 -726 621 -121 | -947 -740 -564 67 548 787 -831 -716 963 -960 -370 -6 101 -100 -163 | -319 -466 615 -422 648 459 -933 -787 -531 -505 878 -732 -657 -464 -411 | -758 -143 -278 630 -662 384 13 -267 -342 -744 82 462 223 141 -60 | 111 628 816 403 -220 -542 163 909 158 -565 -893 -738 867 330 565
956 -464 896 -682 -959 -244 9 -296 -183 -335 -21 -380 -393 269 -300 -99 -117 | 487 -325 341 -822 96 -901 834 966 -272 -593 454 995 247 -209 -103 957 -689 | -366 -747 309 360 -370 -912 -986 -102 266 -500 -943 -186 -853 -859 -685 -103 521 | 202 -171 507 -874 -842 -292 224 -408 517 988 439 596 207 -547 140 927 835 | -804 -458 -6 -1 -651 -690 296 951 -753 -89 51 131 368 -140 -282 60 -234 | -430 512 -332 447 398 -360 408 -766 58 -580 -162 -624 -198 851 -440 302 -119 | -519 -313 -760 -407 -607 243 -364 129 112 -886 410 428 799 -837 -874 441 370 | -538 -980 497 299 388 -652 528 133 -698 923 -372 94 809 -424 261 474 997
1 2 3 4 | 5 6 7 8 | 9 10 11 12
-400 -102 952 536 -747 436 -278 -414 966 59 -548 -499 147 255 | -923 -730 622 836 489 -17 -884 408 -724 -584 -87 -327 -121 -654 | 1 787 -69 -874 -561 13 853 -46 -445 675 939 -542 -907 -378 | -550 793 -418 -671 -490 -131 -188 -92 212 -899 963 206 760 703 | 653 339 786 -734 56 834 740 835 43 175 312 840 -528 -373 | -959 -327 394 221 -601 607 37 106 973 394 -909 577 449 -790 | -992 -321 -228 -798 32 159 -569 219 283 130 -883 -875 299 701 | -661 408 -961 -356 206 275 -288 627 -967 -159 60 -843 -113 439 | -431 635 209 130 874 195 -247 -178 -182 -840 -613 -115 -67 948 | -851 285 463 -664 236 -160 -473 461 -367 802 -531 918 684 -720
257 -672 24 -992 737 -375 152 -526 -443 816 964 -930 407 | 7 786 487 377 120 451 542 353 -994 -262 -100 -153 -100 | -461 737 -697 888 378 278 724 556 23 883 658 -372 -765
818 -741 13 788 -575 -242 151 -849 800 394 -650 824 -431 353 575 711 -161 -74 -31 | 671 -971 150 -846 -52 -897 955 405 672 -476 996 301 99 -403 -989 286 -888 -801 -975 | -243 253 -943 -947 752 694 -521 936 71 -137 294 325 -64 204 37 54 -51 255 -187 | 303 -393 916 117 -692 715 807 -583 -408 788 -49 -807 701 326 606 -635 -3 475 -915
635 -620 66 -695 834 -391 736 -215 -867 -900 616 | 954 -577 -418 964 526 -748 285 -839 980 -144 -963 | -527 706 291 -845 -725 474 947 85 566 -222 -584 | -959 -12 -327 -392 -648 -869 -310 117 412 -338 960 | 600 -136 369 -45 268 -110 -931 -901 869 828 297 | -986 -596 916 334 -944 -198 -243 429 -851 -843 -881
-587 -242 498 749 -114 183 48 -631 536 212 818 186 -702 | -479 -749 -75 -117 -830 -274 691 -101 -533 668 -788 217 262 | 658 837 602 -314 404 548 -285 755 852 280 -579 200 839 | -851 744 -837 108 249 842 845 -352 122 -782 608 -878 -813 | 8 -994 -463 726 -720 424 -25 -262 560 801 -925 -494 -492 | -863 -784 -50 -12 -925 -876 835 731 -731 -895 710 579 257
-749 490 -35 506 954 -684 -444 986 -259 521 411 | -732 677 235 280 9 231 -643 979 -258 -735 746 | 723 -245 792 -579 -121 -98 130 -230 215 317 -848 | 984 -63 -753 725 72 123 843 -846 -953 -74 -106 | -593 934 164 -972 743 888 -977 881 185 -603 -773 | -307 -856 -834 746 393 70 172 -561 -218 -855 928 | -822 -415 -703 944 -749 -604 595 -107 -828 -828 904 | 685 -600 168 940 -275 251 914 461 915 -894 948 | -313 -50 -884 -825 420 176 597 -928 -110 -200 -380
793 -313 358 185 531 894 219 969 468 -815 | -308 534 125 -28 -2 -310 -439 1 414 -459 | 868 353 189 232 507 -469 -747 -447 92 348 | 945 -840 602 540 -528 893 132 -139 -443 160 | -97 997 886 -482 426 -649 761 -935 -359 -993
196 -730 -123 -234 -75 466 -949 -107 146 -481 396 234 -646 528 -491 | -914 964 141 -173 -140 -503 78 333 -537 -96 275 -705 746 -882 -896 | 6 813 786 114 -990 -266 -834 363 -159 948 -117 -478 -896 -687 6 | 898 351 466 -1 -387 -651 792 394 -44 -398 -550 181 670 -420 490 | -716 116 528 -859 804 -465 260 73 27 26 -867 -580 954 -77 51 | -109 534 -599 -307 553 659 -460 -356 902 -291 -622 407 48 -567 729 | -461 -287 173 96 244 -866 -963 -843 -80 791 -153 472 249 637 -789 | -767 -380 -661 251 -688 381 -159 -564 -255 -755 -135 -155 156 484 123 | -753 866 -553 511 -153 -553 -746 341 216 -269 308 -50 193 -132 -748 | 772 -623 -808 -540 -298 589 -109 762 296 904 -499 600 809 619 -908
767 529 -649 -375 700 -27 -558 -521 492 134 -225 -906 -386 | -451 -473 926 337 330 -761 -651 522 -345 -480 288 -617 -413 | -901 680 -107 553 -804 -909 -850 600 217 638 643 -214 455 | 663 470 670 -40 976 996 282 -452 -464 491 -822 432 -67 | -929 -1 925 263 191 159 284 821 55 -672 -648 864 -253 | -818 -905 704 616 -968 842 913 -128 540 -96 166 670 313
1 2 3 4 | 5 6 7 8 | 9 10 11 12 | 100 200 300 400
-928 768 -500 -958 343 442 116 -20 -717 -586 82 417 339 51 | 143 849 -447 -253 -808 -981 -391 -99 256 -209 607 755 242 430 | 653 -273 464 -303 704 -485 -104 -111 926 -848 796 -649 632 990 | -253 -994 769 298 -432 -369 601 585 333 -533 717 616 733 -30
-905 -487 560 -147 | -182 179 -402 256 | -343 -746 989 232
-16 267 780 309 829 589 193 960 797 982 -289 317 | -756 -980 153 156 -498 -434 -547 -625 138 502 -373 792
-809 -746 590 145 -806 -615 -861 763 695 235 -560 -348 | -551 69 -206 -861 -692 -161 466 -504 265 513 801 889
-891 -774 -908 587 542 -852 -660 -165 799 | 400 569 821 -683 747 -225 -83 692 301 | 52 -233 5 295 572 945 -193 501 123 | -219 573 -958 -799 587 -529 532 82 425 | 546 -564 -16 434 822 744 -178 165 241
125 976 -315 805 912 -809 392 -412 -464 291 -714 357 -608 -658 268 -497 -350 414 | 181 353 -234 -785 794 -912 758 -115 -733 125 959 -206 -25 -537 455 510 724 169 | 730 -596 -571 -670 351 378 437 -503 202 -459 -617 -59 896 38 -384 -791 -114 -34 | 714 936 -306 -81 -411 779 -587 -274 304 236 -9 -116 94 948 525 364 630 -149 | -606 -815 924 -722 -3 1 724 333 -972 -978 1000 -553 -953 244 277 -683 318 798 | -818 -879 -377 -332 -833 132 410 -300 -961 419 90 -32 427 -132 384 -194 -905 384 | -347 401 187 -326 -940 -576 -739 -965 -695 451 906 492 -925 767 -339 965 785 332 | -224 383 -109 -791 -928 -796 801 979 508 -899 -681 686 -392 -253 189 -758 549 -604 | -142 447 483 251 -4 855 -490 -278 379 44 888 693 434 374 -725 -715 572 730
-113 701 865 -591 90 -765 12 432 | -825 -960 850 -963 791 -160 -26 703 | 906 154 821 -219 997 -395 573 -997 | -473 -925 -441 327 450 36 986 423 | -309 993 -340 -641 346 641 -713 744
24 632 305 -636 -866 -86 986 -458 -560 -30 -842 865 -845 -962 125 565 314 | 921 -777 497 -858 -528 -891 -805 -700 694 420 91 368 470 537 415 532 -507 | 91 -442 385 -253 604 525 -977 -361 174 422 594 295 396 279 960 -671 -245 | -950 -135 989 503 150 -407 250 353 220 -443 778 -553 -665 -814 -594 87 745 | -526 23 274 376 237 31 51 -500 445 -249 806 798 -795 -425 -458 340 336 | 866 -685 978 894 -984 805 -881 -919 -867 -543 -223 -727 126 369 412 -719 -114 | -385 236 -967 -654 -168 687 -124 174 -778 -536 -387 -996 892 532 -887 386 420 | 307 -977 -89 -40 -160 -513 4 -759 -111 879 769 -628 824 456 400 648 -558 | -132 317 666 982 306 -417 538 -461 -502 -537 -911 50 954 -300 -551 -732 696
-454 742 318 833 -885 790 745 -106 677 | 62 380 -25 -507 -714 18 16 855 595 | -630 907 -997 -36 799 897 483 687 -53 | 806 -403 723 -86 179 -27 -180 335 981 | 130 -719 758 -717 -445 441 886 -56 -667 | -637 671 -78 -188 -469 -607 190 87 294 | -560 -6 -11 846 895 -521 -656 -914 -615 | 944 40 -558 -603 447 963 -630 -16 -405
-517 307 -74 578 | -738 497 413 -545 | 453 11 -242 -163 | -954 -478 758 430 | 62 -333 988 -816 | -118 -398 -789 -393 | 864 -634 -821 -936 | 804 -856 -1000 -554 | 522 868 860 305 | -190 427 -759 528
338 746 -967 -481 | 523 -22 421 547 | 359 -376 23 225 | -174 -41 -736 273 | -559 185 787 85 | 170 767 -134 52 | 551 -744 -852 -867 | -62 -192 -156 688 | -242 -172 101 152 | -757 754 555 931
-60 -514 -908 560 891 -677 923 -600 4 160 -63 -137 -858 514 963 167 -852 | 602 -698 604 -683 -267 825 -28 516 -474 -680 675 806 806 -681 -918 -302 -77 | 494 343 -697 -498 8 988 890 -322 757 -831 -945 -111 812 -988 34 -690 930 | 222 530 -330 549 493 985 751 -497 979 130 868 512 -959 -117 955 63 -993 | -999 -57 254 -657 -266 -163 -581 -994 -545 -350 -352 754 -34 -962 -425 -876 114
-625 -671 -546 179 -283 -172 -292 -868 859 -304 -493 774 -37 | 969 687 488 127 948 863 857 333 -185 735 -1000 75 231 | 747 -678 577 -792 -23 -853 -389 670 -898 956 -69 -27 924 | 160 -757 -607 -657 745 -529 52 80 -191 906 620 -821 -819 | -71 1 -153 -830 796 139 -633 -451 -35 466 -358 624 -165 | -596 -105 739 -670 46 -278 540 -507 664 -694 -420 -940 132 | -338 248 274 -628 533 -854 777 -393 581 -930 841 409 874
-480 -685 -541 -86 -47 -645 | -304 -938 261 123 -732 271 | 516 214 80 -657 554 342 | 703 726 101 -623 -920 -791 | -161 58 574 -7 609 -783 | -471 -496 97 54 926 -221 | 442 -272 13 398 -529 717 | -985 -192 192 529 -761 -894
741 -118 -106 -876 -336 -682 -4 -304 -423 -89 986 -517 -860 | -98 0 -353 145 -71 -591 701 -996 -495 846 -423 -3 889 | -644 280 752 -402 860 -748 -360 -356 764 945 739 -57 -285 | -562 946 -761 339 -847 574 926 -535 799 -91 947 50 229 | -125 320 -43 260 -669 319 -895 -708 449 -628 -96 -97 -13 | -59 762 65 -677 757 481 -762 -911 775 103 575 285 733 | -559 -283 -882 -551 463 -152 -149 -184 900 -105 594 590 -300 | -266 -903 -828 744 -137 -686 789 743 504 320 941 -469 -199 | -868 751 -392 103 450 -311 -507 -2 -437 610 89 439 -428 | 508 339 -246 -187 333 761 -206 15 100 -699 291 712 613
-608 -342 323 508 417 -578 -216 -911 -674 927 | 223 -244 24 -5 778 -480 -379 775 -227 -999 | -476 -293 552 648 639 815 -784 705 -13 -604 | 684 -956 727 874 514 179 -173 -612 -820 -263
-360 -896 260 -979 -721 454 509 711 -976 684 | -706 82 -716 765 -198 -582 -362 -726 -804 854 | 980 75 -495 751 684 353 128 592 -371 132 | -854 -908 -299 757 -855 -324 -601 801 503 -120 | 938 890 -160 481 93 -178 -516 400 430 -186 | 71 884 -248 344 618 -575 -991 -749 -37 -774
-522 -71 328 629 -122 -392 | -328 492 744 -299 -68 -378 | 735 -573 444 -814 684 781 | -101 -514 -844 -197 -757 505 | -772 835 -883 323 827 477 | 991 -40 -277 -549 635 -152 | 943 77 -137 639 799 -597 | -611 592 -997 -908 -334 -670 | -84 -278 146 -973 -759 -292 | -359 -138 -262 777 744 -485
407 -997 -555 -186 -109 -375 449 -536 658 -770 -126 | -643 588 733 240 -752 672 204 -697 808 780 -38 | -985 -408 -895 887 -203 976 -996 -565 63 -924 375 | 40 -139 840 480 -518 115 121 -345 -553 -185 108
-969 -326 -651 -397 -544 -958 1000 -617 997 622 610 712 569 -448 | -851 371 392 -790 -447 -339 -623 -256 -272 -534 571 397 288 701 | 960 295 242 -334 -466 -307 986 -946 -112 591 405 527 -10 878 | 695 239 -288 -894 -785 492 766 -274 -137 -290 -626 192 -751 -901 | -666 643 -609 -219 13 995 794 -72 378 -283 -107 -999 -124 363 | -148 790 -592 1000 43 -319 809 -438 -123 -484 317 -671 846 -284 | 489 708 434 965 -350 -806 -64 -815 -761 666 -911 -225 -496 -509 | 148 -49 122 191 -325 -852 192 -80 -478 703 788 296 -593 -519 | -938 379 307 293 -934 269 -996 -619 -945 357 -774 717 -174 -158
-970 -770 903 236 -248 | 993 899 228 -51 -205
